56.34044
56.339896
56.339598
56.33881
56.336893
56.335312
56.333488
56.333396
56.333222
56.333066
56.331655
56.331138
56.328921
56.328587
56.3288
56.328458
56.32805
56.328997
56.328715
56.328436
56.329832
56.332459
56.334031
56.335403
56.335626
56.336322
56.337381
56.34044
56.339896
56.339598
56.33881
56.335913
56.334905
56.333222
56.333066
56.331655
56.331069
56.331848
56.331763
56.328139
56.328564
56.329014
56.328715
56.328587
56.328873
56.330959
56.333226
56.333481
56.333569
56.334227
56.336478
56.337095
56.339152
56.33939
56.338983
56.340248
56.339423
56.335449
56.334499
56.331764
56.329691
56.328715
56.328436
56.329832
56.329943
56.328992
56.329273
56.328139
56.328564
56.329014
56.328715
56.328587
56.328873
56.330959
56.333226
56.333481
56.333569
56.334227
56.336478
56.337095
56.339152
56.33939
56.338983
56.340248
56.34
56.34
56.339
56.34
56.337
56.336
56.336
56.335
56.335
56.335
56.331
56.33
56.329
56.329
56.328
56.329
56.329
56.329
56.33
56.331
56.331
56.332
56.336
56.339
56.341