-2.797747
-2.795058
-2.792803
-2.790967
-2.785608
-2.783841
-2.784219
2.787766
-2.792839
-2.797527
-2.799966
-2.79874
-2.796994
2.798033
2.803191
-2.808139
-2.813157
-2.816353
-2.818864
-2.822813
-2.82695
-2.827915
-2.824983
-2.821816
-2.814306
-2.810794
-2.808056
-2.797747
-2.795058
-2.792803
-2.790967
-2.792324
-2.792244
-2.792839
-2.797527
-2.799843
-2.800724
-2.80813
-2.81207
-2.813057
-2.808143
-2.804159
-2.799068
-2.795423
-2.790459
-2.788652
-2.788369
-2.787225
-2.784602
-2.78375
-2.784865
-2.788437
-2.791185
-2.794496
-2.797908
-2.799441
-2.801071
-2.800329
-2.804444
-2.812061
-2.816184
-2.818864
-2.822813
-2.82695
-2.826964
-2.824421
-2.817569
-2.813057
-2.808143
-2.804159
-2.799068
-2.795423
-2.790459
-2.788652
-2.788369
-2.787225
-2.784602
-2.78375
-2.784865
-2.788437
-2.791185
-2.794496
-2.797908
-2.800384
-2.797747
-2.795058
-2.797908
-2.799441
-2.808288
-2.810858
-2.813877	
-2.818792
-2.821903
-2.825437
-2.828653
-2.826964
-2.824421
-2.817569
-2.813057
-2.808143
-2.804159
-2.799068
-2.796996
-2.797865
-2.800724
-2.80813
-2.800399
-2.801
-2.802746